[[  0,   0,   0,   0,   0,   0,   0,   0,   0,   0,   0,   0,   0,
          0,   0,   0,   0,   0,   0,   0,   0,   0,   0,   0,   0,   0,
          0,   0,   0,   0,   0,   0,   0,   0,   0,   0,   0],
       [ -1,  -1,  -1,  -1,  -1,  -1,  -1,  -1,  -1,  -1,  -1,  -1,  -1,
         -1,  -1,  -1,  -1,  -1,  -1,  -1,  -1,  -1,  -1,  -1,  -1,  -1,
         -1,  -1,  -1,  -1,  -1,  -1,  -1,  -1,  -1,  -1,  -1],
       [ -2,  -2,  -2,   0,   0,  -1,  -2,  -2,  -2,  -2,  -2,  -2,   0,
         -1,  -2,   0,   0,   0,   0,  -1,  -2,  -2,  -2,  -2,  -2,   0,
          0,  -1,   0,  -1,   0,  -1,  -2,  -2,  -2,   0,  -1],
       [ -3,  -2,  -3,  -1,  -1,  -1,   0,  -1,  -2,  -1,  -1,  -2,  -1,
          1,   0,  -1,  -1,  -1,  -1,   1,   0,  -1,  -1,  -2,  -3,  -1,
         -1,  -1,  -1,  -1,  -1,   1,   0,  -1,  -2,  -1,   1],
       [ -4,  -2,  -3,  -2,  -2,  -2,   0,   1,   0,  -1,   0,  -1,  -2,
          0,   0,  -1,  -2,  -2,  -2,   0,   0,  -1,   0,  -1,  -2,  -2,
         -2,  -2,  -2,  -2,  -2,   0,   0,  -1,  -2,  -2,   0],
       [ -5,  -2,  -3,  -3,  -3,  -3,  -1,   1,   0,   1,   0,  -1,  -2,
         -1,  -1,  -1,  -2,  -3,  -3,  -1,  -1,  -1,   0,  -1,  -2,  -3,
         -3,  -3,  -3,  -3,  -3,  -1,  -1,  -1,  -2,  -3,  -1],
       [ -6,   0,  -1,  -2,  -3,  -4,  -2,   0,   0,   0,   0,  -1,  -2,
         -2,  -2,  -2,  -2,  -3,  -4,  -2,   0,  -1,  -1,   1,   0,  -1,
         -2,  -2,  -3,  -4,  -4,  -2,   0,  -1,   0,  -1,  -2],
       [ -7,  -1,  -1,  -2,  -3,  -2,  -3,  -1,   1,   0,  -1,   1,   0,
         -1,  -1,  -2,  -3,  -3,  -4,  -3,  -1,   1,   0,   0,   2,   1,
          0,  -1,  -2,  -2,  -3,  -3,  -1,   1,   0,  -1,  -2],
       [ -8,  -2,  -2,   0,  -1,  -2,  -3,  -2,   0,   0,  -1,   0,   2,
          1,   0,   0,  -1,  -2,  -2,  -3,  -2,   0,   0,  -1,   1,   3,
          2,   1,   0,  -1,  -1,  -2,  -2,   0,   0,   1,   0],
       [ -9,  -2,  -3,  -1,   1,   0,  -1,  -2,  -1,  -1,  -1,  -1,   1,
          1,   0,   1,   1,   0,  -1,  -2,  -3,  -1,  -1,  -1,   0,   2,
          4,   3,   2,   1,   0,  -1,  -2,  -1,  -1,   1,   0],
       [-10,   0,  -1,  -2,   0,   0,  -1,  -2,  -2,  -2,  -2,  -2,   0,
          0,   0,   0,   0,   0,  -1,  -2,  -1,  -2,  -2,   0,  -1,   1,
          3,   5,   4,   3,   2,   1,   0,  -1,   0,   0,   0],
       [-11,  -1,  -1,   0,  -1,  -1,  -1,  -2,  -3,  -3,  -3,  -3,  -1,
         -1,  -1,   1,   1,   1,   1,   0,  -1,  -2,  -3,  -1,  -1,   0,
          2,   4,   6,   5,   4,   3,   2,   1,   0,   1,   0],
       [-12,  -2,  -2,  -1,  -1,   0,  -1,  -2,  -1,  -2,  -3,  -2,  -2,
         -2,   0,   0,   0,   0,   0,   0,  -1,   0,  -1,  -2,   0,  -1,
          1,   3,   5,   7,   6,   5,   4,   3,   2,   1,   0],
       [-13,  -2,  -3,  -1,   0,  -1,  -1,  -2,  -2,  -2,  -3,  -3,  -1,
         -2,  -1,   1,   1,   1,   1,   0,  -1,  -1,  -1,  -2,  -1,   1,
          0,   2,   4,   6,   8,   7,   6,   5,   4,   3,   2],
       [-14,  -2,  -3,  -2,  -1,  -1,   0,   0,  -1,  -1,  -1,  -2,  -2,
          0,  -1,   0,   0,   0,   0,   2,   1,   0,   0,  -1,  -2,   0,
          0,   1,   3,   5,   7,   9,   8,   7,   6,   5,   4],
       [-15,   0,  -1,  -2,  -2,  -2,  -1,  -1,  -1,  -2,  -2,  -2,  -3,
         -1,  -1,  -1,  -1,  -1,  -1,   1,   3,   2,   1,   1,   0,  -1,
         -1,   1,   2,   4,   6,   8,  10,   9,   8,   7,   6],
       [-16,  -1,  -1,  -2,  -3,  -1,  -2,  -2,   0,  -1,  -2,  -1,  -2,
         -2,   0,  -1,  -2,  -2,  -2,   0,   2,   4,   3,   2,   2,   1,
          0,   0,   1,   3,   5,   7,   9,  11,  10,   9,   8],
       [-17,  -2,  -2,  -2,  -3,  -2,  -2,  -3,  -1,  -1,  -2,  -1,  -2,
         -3,  -1,  -1,  -2,  -3,  -3,  -1,   1,   3,   3,   2,   3,   2,
          1,   0,   0,   2,   4,   6,   8,  10,  10,   9,   8],
       [-18,  -2,  -3,  -3,  -3,  -2,  -3,  -3,  -2,  -2,  -2,  -1,  -2,
         -3,  -2,  -2,  -2,  -3,  -4,  -2,   0,   2,   2,   2,   3,   2,
          1,   0,  -1,   1,   3,   5,   7,   9,   9,   9,   8],
       [-19,  -2,  -3,  -4,  -4,  -2,  -3,  -4,  -2,  -3,  -3,  -1,  -2,
         -3,  -2,  -3,  -3,  -3,  -4,  -3,  -1,   1,   1,   1,   3,   2,
          1,   0,  -1,   0,   2,   4,   6,   8,   8,   8,   8],
       [-20,   0,  -1,  -2,  -3,  -3,  -3,  -4,  -3,  -3,  -4,  -2,  -2,
         -3,  -3,  -3,  -4,  -4,  -4,  -4,  -2,   0,   0,   2,   2,   2,
          1,   2,   1,   0,   1,   3,   5,   7,   9,   8,   7],
       [-21,  -1,  -1,  -2,  -3,  -4,  -2,  -2,  -3,  -2,  -2,  -3,  -3,
         -1,  -2,  -3,  -4,  -5,  -5,  -3,  -3,  -1,   1,   1,   1,   1,
          1,   1,   1,   0,   0,   2,   4,   6,   8,   8,   9],
       [-22,   0,   0,  -1,  -2,  -3,  -3,  -3,  -3,  -3,  -3,  -3,  -4,
         -2,  -2,  -3,  -4,  -5,  -6,  -4,  -2,  -2,   0,   2,   1,   0,
          0,   2,   1,   0,  -1,   1,   3,   5,   7,   7,   8],
       [-23,  -1,  -1,  -1,  -2,  -3,  -2,  -2,  -3,  -2,  -2,  -3,  -4,
         -3,  -3,  -3,  -4,  -5,  -6,  -5,  -3,  -3,  -1,   1,   1,   0,
         -1,   1,   1,   0,  -1,   0,   2,   4,   6,   6,   8],
       [-24,  -2,  -2,  -2,  -2,  -1,  -2,  -3,  -1,  -2,  -3,  -1,  -2,
         -3,  -2,  -3,  -4,  -5,  -6,  -6,  -4,  -2,  -2,   0,   2,   1,
          0,   0,   0,   2,   1,   0,   1,   3,   5,   5,   7],
       [-25,   0,  -1,  -2,  -3,  -2,  -2,  -3,  -2,  -2,  -3,  -2,  -2,
         -3,  -3,  -3,  -4,  -5,  -6,  -7,  -5,  -3,  -3,  -1,   1,   1,
          0,   1,   0,   1,   1,   0,   1,   2,   4,   4,   6],
       [-26,  -1,  -1,  -2,  -3,  -2,  -3,  -3,  -2,  -3,  -3,  -2,  -3,
         -3,  -2,  -3,  -4,  -5,  -6,  -7,  -6,  -4,  -4,  -2,   0,   0,
          0,   0,   0,   1,   0,   0,   0,   2,   3,   3,   5],
       [-27,  -2,  -2,  -2,  -3,  -3,  -1,  -2,  -3,  -1,  -2,  -3,  -3,
         -2,  -3,  -3,  -4,  -5,  -6,  -5,  -6,  -5,  -3,  -3,  -1,  -1,
         -1,  -1,  -1,   0,   0,   1,   0,   1,   2,   2,   4],
       [-28,   0,  -1,  -2,  -3,  -4,  -2,  -2,  -3,  -2,  -2,  -3,  -4,
         -3,  -3,  -4,  -4,  -5,  -6,  -6,  -4,  -5,  -4,  -2,  -2,  -2,
         -2,   0,  -1,  -1,  -1,   0,   2,   1,   2,   1,   3],
       [-29,  -1,  -1,   0,  -1,  -2,  -3,  -3,  -3,  -3,  -3,  -3,  -2,
         -3,  -4,  -2,  -3,  -3,  -4,  -5,  -5,  -5,  -5,  -3,  -3,  -1,
         -1,  -1,   1,   0,   0,  -1,   1,   1,   1,   3,   2],
       [-30,  -2,  -2,  -1,  -1,   0,  -1,  -2,  -2,  -3,  -4,  -2,  -3,
         -3,  -2,  -3,  -3,  -4,  -4,  -5,  -6,  -4,  -5,  -4,  -2,  -2,
         -2,  -2,   0,   2,   1,   0,   0,   2,   1,   2,   2],
       [-31,  -2,  -3,  -2,  -2,  -1,   1,   0,  -1,  -1,  -2,  -3,  -3,
         -2,  -3,  -3,  -4,  -4,  -5,  -3,  -4,  -5,  -3,  -4,  -3,  -3,
         -3,  -3,  -1,   1,   1,   2,   1,   1,   1,   1,   3],
       [-32,   0,  -1,  -2,  -3,  -2,   0,   0,  -1,  -2,  -2,  -3,  -4,
         -3,  -3,  -4,  -4,  -5,  -5,  -4,  -2,  -3,  -4,  -2,  -3,  -4,
         -4,  -2,  -2,   0,   0,   1,   3,   2,   2,   1,   2],
       [-33,  -1,  -1,  -2,  -3,  -2,  -1,  -1,   1,   0,  -1,  -1,  -2,
         -3,  -2,  -3,  -4,  -5,  -6,  -5,  -3,  -1,  -2,  -3,  -1,  -2,
         -3,  -3,  -3,  -1,  -1,   0,   2,   4,   3,   2,   1],
       [-34,   0,   0,  -1,  -2,  -3,  -2,  -2,   0,   0,  -1,  -2,  -2,
         -3,  -3,  -3,  -4,  -5,  -6,  -6,  -4,  -2,  -2,  -1,  -2,  -2,
         -3,  -2,  -3,  -2,  -2,  -1,   1,   3,   5,   4,   3],
       [-35,  -1,  -1,  -1,  -2,  -1,  -2,  -3,  -1,  -1,  -1,   0,  -1,
         -2,  -2,  -3,  -4,  -5,  -6,  -7,  -5,  -3,  -3,  -2,   0,  -1,
         -2,  -3,  -3,  -2,  -3,  -2,   0,   2,   4,   4,   3],
       [-36,   0,   0,  -1,  -2,  -2,  -2,  -3,  -2,  -2,  -2,  -1,  -1,
         -2,  -3,  -3,  -4,  -5,  -6,  -7,  -6,  -4,  -4,  -2,  -1,  -1,
         -2,  -1,  -2,  -3,  -3,  -3,  -1,   1,   3,   3,   3]]),
         
         array([[  0.,   0.,   0.,   0.,   0.,   0.,   0.,   0.,   0.,   0.,   0.,
          0.,   0.,   0.,   0.,   0.,   0.,   0.,   0.,   0.,   0.,   0.,
          0.,   0.,   0.,   0.,   0.,   0.,   0.,   0.,   0.,   0.,   0.,
          0.,   0.,   0.,   0.],
       [  0.,  -1.,  -1.,   1.,   1.,   0.,  -1.,  -1.,  -1.,  -1.,  -1.,
         -1.,   1.,   0.,  -1.,   1.,   1.,   1.,   1.,   0.,  -1.,  -1.,
         -1.,  -1.,  -1.,   1.,   1.,   0.,   1.,   0.,   1.,   0.,  -1.,
         -1.,  -1.,   1.,   0.],
       [  0.,  -1.,  -2.,   0.,   0.,   0.,   1.,   0.,  -1.,   0.,   0.,
         -1.,   0.,   2.,   1.,   0.,   0.,   0.,   0.,   2.,   1.,   0.,
          0.,  -1.,  -2.,   0.,   0.,   0.,   0.,   0.,   0.,   2.,   1.,
          0.,  -1.,   0.,   2.],
       [  0.,  -1.,  -2.,  -1.,  -1.,  -1.,   1.,   2.,   1.,   0.,   1.,
          0.,  -1.,   1.,   1.,   0.,  -1.,  -1.,  -1.,   1.,   1.,   0.,
          1.,   0.,  -1.,  -1.,  -1.,  -1.,  -1.,  -1.,  -1.,   1.,   1.,
          0.,  -1.,  -1.,   1.],
       [  0.,  -1.,  -2.,  -2.,  -2.,  -2.,   0.,   2.,   1.,   2.,   1.,
          0.,  -1.,   0.,   0.,   0.,  -1.,  -2.,  -2.,   0.,   0.,   0.,
          1.,   0.,  -1.,  -2.,  -2.,  -2.,  -2.,  -2.,  -2.,   0.,   0.,
          0.,  -1.,  -2.,   0.],
       [  0.,   1.,   0.,  -1.,  -2.,  -3.,  -1.,   1.,   1.,   1.,   1.,
          0.,  -1.,  -1.,  -1.,  -1.,  -1.,  -2.,  -3.,  -1.,   1.,   0.,
          0.,   2.,   1.,   0.,  -1.,  -1.,  -2.,  -3.,  -3.,  -1.,   1.,
          0.,   1.,   0.,  -1.],
       [  0.,   0.,   0.,  -1.,  -2.,  -1.,  -2.,   0.,   2.,   1.,   0.,
          2.,   1.,   0.,   0.,  -1.,  -2.,  -2.,  -3.,  -2.,   0.,   2.,
          1.,   1.,   3.,   2.,   1.,   0.,  -1.,  -1.,  -2.,  -2.,   0.,
          2.,   1.,   0.,  -1.],
       [  0.,  -1.,  -1.,   1.,   0.,  -1.,  -2.,  -1.,   1.,   1.,   0.,
          1.,   3.,   2.,   1.,   1.,   0.,  -1.,  -1.,  -2.,  -1.,   1.,
          1.,   0.,   2.,   4.,   3.,   2.,   1.,   0.,   0.,  -1.,  -1.,
          1.,   1.,   2.,   1.],
       [  0.,  -1.,  -2.,   0.,   2.,   1.,   0.,  -1.,   0.,   0.,   0.,
          0.,   2.,   2.,   1.,   2.,   2.,   1.,   0.,  -1.,  -2.,   0.,
          0.,   0.,   1.,   3.,   5.,   4.,   3.,   2.,   1.,   0.,  -1.,
          0.,   0.,   2.,   1.],
       [  0.,   1.,   0.,  -1.,   1.,   1.,   0.,  -1.,  -1.,  -1.,  -1.,
         -1.,   1.,   1.,   1.,   1.,   1.,   1.,   0.,  -1.,   0.,  -1.,
         -1.,   1.,   0.,   2.,   4.,   6.,   5.,   4.,   3.,   2.,   1.,
          0.,   1.,   1.,   1.],
       [  0.,   0.,   0.,   1.,   0.,   0.,   0.,  -1.,  -2.,  -2.,  -2.,
         -2.,   0.,   0.,   0.,   2.,   2.,   2.,   2.,   1.,   0.,  -1.,
         -2.,   0.,   0.,   1.,   3.,   5.,   7.,   6.,   5.,   4.,   3.,
          2.,   1.,   2.,   1.],
       [  0.,  -1.,  -1.,   0.,   0.,   1.,   0.,  -1.,   0.,  -1.,  -2.,
         -1.,  -1.,  -1.,   1.,   1.,   1.,   1.,   1.,   1.,   0.,   1.,
          0.,  -1.,   1.,   0.,   2.,   4.,   6.,   8.,   7.,   6.,   5.,
          4.,   3.,   2.,   1.],
       [  0.,  -1.,  -2.,   0.,   1.,   0.,   0.,  -1.,  -1.,  -1.,  -2.,
         -2.,   0.,  -1.,   0.,   2.,   2.,   2.,   2.,   1.,   0.,   0.,
          0.,  -1.,   0.,   2.,   1.,   3.,   5.,   7.,   9.,   8.,   7.,
          6.,   5.,   4.,   3.],
       [  0.,  -1.,  -2.,  -1.,   0.,   0.,   1.,   1.,   0.,   0.,   0.,
         -1.,  -1.,   1.,   0.,   1.,   1.,   1.,   1.,   3.,   2.,   1.,
          1.,   0.,  -1.,   1.,   1.,   2.,   4.,   6.,   8.,  10.,   9.,
          8.,   7.,   6.,   5.],
       [  0.,   1.,   0.,  -1.,  -1.,  -1.,   0.,   0.,   0.,  -1.,  -1.,
         -1.,  -2.,   0.,   0.,   0.,   0.,   0.,   0.,   2.,   4.,   3.,
          2.,   2.,   1.,   0.,   0.,   2.,   3.,   5.,   7.,   9.,  11.,
         10.,   9.,   8.,   7.],
       [  0.,   0.,   0.,  -1.,  -2.,   0.,  -1.,  -1.,   1.,   0.,  -1.,
          0.,  -1.,  -1.,   1.,   0.,  -1.,  -1.,  -1.,   1.,   3.,   5.,
          4.,   3.,   3.,   2.,   1.,   1.,   2.,   4.,   6.,   8.,  10.,
         12.,  11.,  10.,   9.],
       [  0.,  -1.,  -1.,  -1.,  -2.,  -1.,  -1.,  -2.,   0.,   0.,  -1.,
          0.,  -1.,  -2.,   0.,   0.,  -1.,  -2.,  -2.,   0.,   2.,   4.,
          4.,   3.,   4.,   3.,   2.,   1.,   1.,   3.,   5.,   7.,   9.,
         11.,  11.,  10.,   9.],
       [  0.,  -1.,  -2.,  -2.,  -2.,  -1.,  -2.,  -2.,  -1.,  -1.,  -1.,
          0.,  -1.,  -2.,  -1.,  -1.,  -1.,  -2.,  -3.,  -1.,   1.,   3.,
          3.,   3.,   4.,   3.,   2.,   1.,   0.,   2.,   4.,   6.,   8.,
         10.,  10.,  10.,   9.],
       [  0.,  -1.,  -2.,  -3.,  -3.,  -1.,  -2.,  -3.,  -1.,  -2.,  -2.,
          0.,  -1.,  -2.,  -1.,  -2.,  -2.,  -2.,  -3.,  -2.,   0.,   2.,
          2.,   2.,   4.,   3.,   2.,   1.,   0.,   1.,   3.,   5.,   7.,
          9.,   9.,   9.,   9.],
       [  0.,   1.,   0.,  -1.,  -2.,  -2.,  -2.,  -3.,  -2.,  -2.,  -3.,
         -1.,  -1.,  -2.,  -2.,  -2.,  -3.,  -3.,  -3.,  -3.,  -1.,   1.,
          1.,   3.,   3.,   3.,   2.,   3.,   2.,   1.,   2.,   4.,   6.,
          8.,  10.,   9.,   8.],
       [  0.,   0.,   0.,  -1.,  -2.,  -3.,  -1.,  -1.,  -2.,  -1.,  -1.,
         -2.,  -2.,   0.,  -1.,  -2.,  -3.,  -4.,  -4.,  -2.,  -2.,   0.,
          2.,   2.,   2.,   2.,   2.,   2.,   2.,   1.,   1.,   3.,   5.,
          7.,   9.,   9.,  10.],
       [  0.,   1.,   1.,   0.,  -1.,  -2.,  -2.,  -2.,  -2.,  -2.,  -2.,
         -2.,  -3.,  -1.,  -1.,  -2.,  -3.,  -4.,  -5.,  -3.,  -1.,  -1.,
          1.,   3.,   2.,   1.,   1.,   3.,   2.,   1.,   0.,   2.,   4.,
          6.,   8.,   8.,   9.],
       [  0.,   0.,   0.,   0.,  -1.,  -2.,  -1.,  -1.,  -2.,  -1.,  -1.,
         -2.,  -3.,  -2.,  -2.,  -2.,  -3.,  -4.,  -5.,  -4.,  -2.,  -2.,
          0.,   2.,   2.,   1.,   0.,   2.,   2.,   1.,   0.,   1.,   3.,
          5.,   7.,   7.,   9.],
       [  0.,  -1.,  -1.,  -1.,  -1.,   0.,  -1.,  -2.,   0.,  -1.,  -2.,
          0.,  -1.,  -2.,  -1.,  -2.,  -3.,  -4.,  -5.,  -5.,  -3.,  -1.,
         -1.,   1.,   3.,   2.,   1.,   1.,   1.,   3.,   2.,   1.,   2.,
          4.,   6.,   6.,   8.],
       [  0.,   1.,   0.,  -1.,  -2.,  -1.,  -1.,  -2.,  -1.,  -1.,  -2.,
         -1.,  -1.,  -2.,  -2.,  -2.,  -3.,  -4.,  -5.,  -6.,  -4.,  -2.,
         -2.,   0.,   2.,   2.,   1.,   2.,   1.,   2.,   2.,   1.,   2.,
          3.,   5.,   5.,   7.],
       [  0.,   0.,   0.,  -1.,  -2.,  -1.,  -2.,  -2.,  -1.,  -2.,  -2.,
         -1.,  -2.,  -2.,  -1.,  -2.,  -3.,  -4.,  -5.,  -6.,  -5.,  -3.,
         -3.,  -1.,   1.,   1.,   1.,   1.,   1.,   2.,   1.,   1.,   1.,
          3.,   4.,   4.,   6.],
       [  0.,  -1.,  -1.,  -1.,  -2.,  -2.,   0.,  -1.,  -2.,   0.,  -1.,
         -2.,  -2.,  -1.,  -2.,  -2.,  -3.,  -4.,  -5.,  -4.,  -5.,  -4.,
         -2.,  -2.,   0.,   0.,   0.,   0.,   0.,   1.,   1.,   2.,   1.,
          2.,   3.,   3.,   5.],
       [  0.,   1.,   0.,  -1.,  -2.,  -3.,  -1.,  -1.,  -2.,  -1.,  -1.,
         -2.,  -3.,  -2.,  -2.,  -3.,  -3.,  -4.,  -5.,  -5.,  -3.,  -4.,
         -3.,  -1.,  -1.,  -1.,  -1.,   1.,   0.,   0.,   0.,   1.,   3.,
          2.,   3.,   2.,   4.],
       [  0.,   0.,   0.,   1.,   0.,  -1.,  -2.,  -2.,  -2.,  -2.,  -2.,
         -2.,  -1.,  -2.,  -3.,  -1.,  -2.,  -2.,  -3.,  -4.,  -4.,  -4.,
         -4.,  -2.,  -2.,   0.,   0.,   0.,   2.,   1.,   1.,   0.,   2.,
          2.,   2.,   4.,   3.],
       [  0.,  -1.,  -1.,   0.,   0.,   1.,   0.,  -1.,  -1.,  -2.,  -3.,
         -1.,  -2.,  -2.,  -1.,  -2.,  -2.,  -3.,  -3.,  -4.,  -5.,  -3.,
         -4.,  -3.,  -1.,  -1.,  -1.,  -1.,   1.,   3.,   2.,   1.,   1.,
          3.,   2.,   3.,   3.],
       [  0.,  -1.,  -2.,  -1.,  -1.,   0.,   2.,   1.,   0.,   0.,  -1.,
         -2.,  -2.,  -1.,  -2.,  -2.,  -3.,  -3.,  -4.,  -2.,  -3.,  -4.,
         -2.,  -3.,  -2.,  -2.,  -2.,  -2.,   0.,   2.,   2.,   3.,   2.,
          2.,   2.,   2.,   4.],
       [  0.,   1.,   0.,  -1.,  -2.,  -1.,   1.,   1.,   0.,  -1.,  -1.,
         -2.,  -3.,  -2.,  -2.,  -3.,  -3.,  -4.,  -4.,  -3.,  -1.,  -2.,
         -3.,  -1.,  -2.,  -3.,  -3.,  -1.,  -1.,   1.,   1.,   2.,   4.,
          3.,   3.,   2.,   3.],
       [  0.,   0.,   0.,  -1.,  -2.,  -1.,   0.,   0.,   2.,   1.,   0.,
          0.,  -1.,  -2.,  -1.,  -2.,  -3.,  -4.,  -5.,  -4.,  -2.,   0.,
         -1.,  -2.,   0.,  -1.,  -2.,  -2.,  -2.,   0.,   0.,   1.,   3.,
          5.,   4.,   3.,   2.],
       [  0.,   1.,   1.,   0.,  -1.,  -2.,  -1.,  -1.,   1.,   1.,   0.,
         -1.,  -1.,  -2.,  -2.,  -2.,  -3.,  -4.,  -5.,  -5.,  -3.,  -1.,
         -1.,   0.,  -1.,  -1.,  -2.,  -1.,  -2.,  -1.,  -1.,   0.,   2.,
          4.,   6.,   5.,   4.],
       [  0.,   0.,   0.,   0.,  -1.,   0.,  -1.,  -2.,   0.,   0.,   0.,
          1.,   0.,  -1.,  -1.,  -2.,  -3.,  -4.,  -5.,  -6.,  -4.,  -2.,
         -2.,  -1.,   1.,   0.,  -1.,  -2.,  -2.,  -1.,  -2.,  -1.,   1.,
          3.,   5.,   5.,   4.],
       [  0.,   1.,   1.,   0.,  -1.,  -1.,  -1.,  -2.,  -1.,  -1.,  -1.,
          0.,   0.,  -1.,  -2.,  -2.,  -3.,  -4.,  -5.,  -6.,  -5.,  -3.,
         -3.,  -1.,   0.,   0.,  -1.,   0.,  -1.,  -2.,  -2.,  -2.,   0.,
          2.,   4.,   4.,   4.],
       [  0.,   0.,   0.,   0.,  -1.,  -2.,   0.,   0.,  -1.,   0.,   0.,
         -1.,  -1.,   1.,   0.,  -1.,  -2.,  -3.,  -4.,  -4.,  -5.,  -4.,
         -2.,  -2.,  -1.,  -1.,  -1.,  -1.,  -1.,  -2.,  -3.,  -1.,  -1.,
          1.,   3.,   3.,   5.]]), 
          
          array([[  0,  -1,  -2,  -3,  -4,  -5,  -6,  -7,  -8,  -9, -10, -11, -12,
        -13, -14, -15, -16, -17, -18, -19, -20, -21, -22, -23, -24, -25,
        -26, -27, -28, -29, -30, -31, -32, -33, -34, -35, -36],
       [  0,  -1,  -2,  -2,   0,   0,  -1,  -2,  -2,  -2,  -2,  -2,  -2,
          0,  -1,  -2,   0,   0,   0,   0,  -1,  -2,  -2,  -2,  -2,  -2,
          0,   0,  -1,   0,  -1,   0,  -1,  -2,  -2,  -2,   0],
       [  0,  -1,  -2,  -3,  -1,  -1,  -1,   0,  -1,  -2,  -1,  -1,  -2,
         -1,   1,   0,  -1,  -1,  -1,  -1,   1,   0,  -1,  -1,  -2,  -3,
         -1,  -1,  -1,  -1,  -1,  -1,   1,   0,  -1,  -2,  -1],
       [  0,  -1,  -2,  -3,  -2,  -2,  -2,   0,   1,   0,  -1,   0,  -1,
         -2,   0,   0,  -1,  -2,  -2,  -2,   0,   0,  -1,   0,  -1,  -2,
         -2,  -2,  -2,  -2,  -2,  -2,   0,   0,  -1,  -2,  -2],
       [  0,  -1,  -2,  -3,  -3,  -3,  -3,  -1,   1,   0,   1,   0,  -1,
         -2,  -1,  -1,  -1,  -2,  -3,  -3,  -1,  -1,  -1,   0,  -1,  -2,
         -3,  -3,  -3,  -3,  -3,  -3,  -1,  -1,  -1,  -2,  -3],
       [  0,  -1,   0,  -1,  -2,  -3,  -4,  -2,   0,   0,   0,   0,  -1,
         -2,  -2,  -2,  -2,  -2,  -3,  -4,  -2,   0,  -1,  -1,   1,   0,
         -1,  -2,  -2,  -3,  -4,  -4,  -2,   0,  -1,   0,  -1],
       [  0,  -1,  -1,  -1,  -2,  -3,  -2,  -3,  -1,   1,   0,  -1,   1,
          0,  -1,  -1,  -2,  -3,  -3,  -4,  -3,  -1,   1,   0,   0,   2,
          1,   0,  -1,  -2,  -2,  -3,  -3,  -1,   1,   0,  -1],
       [  0,  -1,  -2,  -2,   0,  -1,  -2,  -3,  -2,   0,   0,  -1,   0,
          2,   1,   0,   0,  -1,  -2,  -2,  -3,  -2,   0,   0,  -1,   1,
          3,   2,   1,   0,  -1,  -1,  -2,  -2,   0,   0,   1],
       [  0,  -1,  -2,  -3,  -1,   1,   0,  -1,  -2,  -1,  -1,  -1,  -1,
          1,   1,   0,   1,   1,   0,  -1,  -2,  -3,  -1,  -1,  -1,   0,
          2,   4,   3,   2,   1,   0,  -1,  -2,  -1,  -1,   1],
       [  0,  -1,   0,  -1,  -2,   0,   0,  -1,  -2,  -2,  -2,  -2,  -2,
          0,   0,   0,   0,   0,   0,  -1,  -2,  -1,  -2,  -2,   0,  -1,
          1,   3,   5,   4,   3,   2,   1,   0,  -1,   0,   0],
       [  0,  -1,  -1,  -1,   0,  -1,  -1,  -1,  -2,  -3,  -3,  -3,  -3,
         -1,  -1,  -1,   1,   1,   1,   1,   0,  -1,  -2,  -3,  -1,  -1,
          0,   2,   4,   6,   5,   4,   3,   2,   1,   0,   1],
       [  0,  -1,  -2,  -2,  -1,  -1,   0,  -1,  -2,  -1,  -2,  -3,  -2,
         -2,  -2,   0,   0,   0,   0,   0,   0,  -1,   0,  -1,  -2,   0,
         -1,   1,   3,   5,   7,   6,   5,   4,   3,   2,   1],
       [  0,  -1,  -2,  -3,  -1,   0,  -1,  -1,  -2,  -2,  -2,  -3,  -3,
         -1,  -2,  -1,   1,   1,   1,   1,   0,  -1,  -1,  -1,  -2,  -1,
          1,   0,   2,   4,   6,   8,   7,   6,   5,   4,   3],
       [  0,  -1,  -2,  -3,  -2,  -1,  -1,   0,   0,  -1,  -1,  -1,  -2,
         -2,   0,  -1,   0,   0,   0,   0,   2,   1,   0,   0,  -1,  -2,
          0,   0,   1,   3,   5,   7,   9,   8,   7,   6,   5],
       [  0,  -1,   0,  -1,  -2,  -2,  -2,  -1,  -1,  -1,  -2,  -2,  -2,
         -3,  -1,  -1,  -1,  -1,  -1,  -1,   1,   3,   2,   1,   1,   0,
         -1,  -1,   1,   2,   4,   6,   8,  10,   9,   8,   7],
       [  0,  -1,  -1,  -1,  -2,  -3,  -1,  -2,  -2,   0,  -1,  -2,  -1,
         -2,  -2,   0,  -1,  -2,  -2,  -2,   0,   2,   4,   3,   2,   2,
          1,   0,   0,   1,   3,   5,   7,   9,  11,  10,   9],
       [  0,  -1,  -2,  -2,  -2,  -3,  -2,  -2,  -3,  -1,  -1,  -2,  -1,
         -2,  -3,  -1,  -1,  -2,  -3,  -3,  -1,   1,   3,   3,   2,   3,
          2,   1,   0,   0,   2,   4,   6,   8,  10,  10,   9],
       [  0,  -1,  -2,  -3,  -3,  -3,  -2,  -3,  -3,  -2,  -2,  -2,  -1,
         -2,  -3,  -2,  -2,  -2,  -3,  -4,  -2,   0,   2,   2,   2,   3,
          2,   1,   0,  -1,   1,   3,   5,   7,   9,   9,   9],
       [  0,  -1,  -2,  -3,  -4,  -4,  -2,  -3,  -4,  -2,  -3,  -3,  -1,
         -2,  -3,  -2,  -3,  -3,  -3,  -4,  -3,  -1,   1,   1,   1,   3,
          2,   1,   0,  -1,   0,   2,   4,   6,   8,   8,   8],
       [  0,  -1,   0,  -1,  -2,  -3,  -3,  -3,  -4,  -3,  -3,  -4,  -2,
         -2,  -3,  -3,  -3,  -4,  -4,  -4,  -4,  -2,   0,   0,   2,   2,
          2,   1,   2,   1,   0,   1,   3,   5,   7,   9,   8],
       [  0,  -1,  -1,  -1,  -2,  -3,  -4,  -2,  -2,  -3,  -2,  -2,  -3,
         -3,  -1,  -2,  -3,  -4,  -5,  -5,  -3,  -3,  -1,   1,   1,   1,
          1,   1,   1,   1,   0,   0,   2,   4,   6,   8,   8],
       [  0,  -1,   0,   0,  -1,  -2,  -3,  -3,  -3,  -3,  -3,  -3,  -3,
         -4,  -2,  -2,  -3,  -4,  -5,  -6,  -4,  -2,  -2,   0,   2,   1,
          0,   0,   2,   1,   0,  -1,   1,   3,   5,   7,   7],
       [  0,  -1,  -1,  -1,  -1,  -2,  -3,  -2,  -2,  -3,  -2,  -2,  -3,
         -4,  -3,  -3,  -3,  -4,  -5,  -6,  -5,  -3,  -3,  -1,   1,   1,
          0,  -1,   1,   1,   0,  -1,   0,   2,   4,   6,   6],
       [  0,  -1,  -2,  -2,  -2,  -2,  -1,  -2,  -3,  -1,  -2,  -3,  -1,
         -2,  -3,  -2,  -3,  -4,  -5,  -6,  -6,  -4,  -2,  -2,   0,   2,
          1,   0,   0,   0,   2,   1,   0,   1,   3,   5,   5],
       [  0,  -1,   0,  -1,  -2,  -3,  -2,  -2,  -3,  -2,  -2,  -3,  -2,
         -2,  -3,  -3,  -3,  -4,  -5,  -6,  -7,  -5,  -3,  -3,  -1,   1,
          1,   0,   1,   0,   1,   1,   0,   1,   2,   4,   4],
       [  0,  -1,  -1,  -1,  -2,  -3,  -2,  -3,  -3,  -2,  -3,  -3,  -2,
         -3,  -3,  -2,  -3,  -4,  -5,  -6,  -7,  -6,  -4,  -4,  -2,   0,
          0,   0,   0,   0,   1,   0,   0,   0,   2,   3,   3],
       [  0,  -1,  -2,  -2,  -2,  -3,  -3,  -1,  -2,  -3,  -1,  -2,  -3,
         -3,  -2,  -3,  -3,  -4,  -5,  -6,  -5,  -6,  -5,  -3,  -3,  -1,
         -1,  -1,  -1,  -1,   0,   0,   1,   0,   1,   2,   2],
       [  0,  -1,   0,  -1,  -2,  -3,  -4,  -2,  -2,  -3,  -2,  -2,  -3,
         -4,  -3,  -3,  -4,  -4,  -5,  -6,  -6,  -4,  -5,  -4,  -2,  -2,
         -2,  -2,   0,  -1,  -1,  -1,   0,   2,   1,   2,   1],
       [  0,  -1,  -1,  -1,   0,  -1,  -2,  -3,  -3,  -3,  -3,  -3,  -3,
         -2,  -3,  -4,  -2,  -3,  -3,  -4,  -5,  -5,  -5,  -5,  -3,  -3,
         -1,  -1,  -1,   1,   0,   0,  -1,   1,   1,   1,   3],
       [  0,  -1,  -2,  -2,  -1,  -1,   0,  -1,  -2,  -2,  -3,  -4,  -2,
         -3,  -3,  -2,  -3,  -3,  -4,  -4,  -5,  -6,  -4,  -5,  -4,  -2,
         -2,  -2,  -2,   0,   2,   1,   0,   0,   2,   1,   2],
       [  0,  -1,  -2,  -3,  -2,  -2,  -1,   1,   0,  -1,  -1,  -2,  -3,
         -3,  -2,  -3,  -3,  -4,  -4,  -5,  -3,  -4,  -5,  -3,  -4,  -3,
         -3,  -3,  -3,  -1,   1,   1,   2,   1,   1,   1,   1],
       [  0,  -1,   0,  -1,  -2,  -3,  -2,   0,   0,  -1,  -2,  -2,  -3,
         -4,  -3,  -3,  -4,  -4,  -5,  -5,  -4,  -2,  -3,  -4,  -2,  -3,
         -4,  -4,  -2,  -2,   0,   0,   1,   3,   2,   2,   1],
       [  0,  -1,  -1,  -1,  -2,  -3,  -2,  -1,  -1,   1,   0,  -1,  -1,
         -2,  -3,  -2,  -3,  -4,  -5,  -6,  -5,  -3,  -1,  -2,  -3,  -1,
         -2,  -3,  -3,  -3,  -1,  -1,   0,   2,   4,   3,   2],
       [  0,  -1,   0,   0,  -1,  -2,  -3,  -2,  -2,   0,   0,  -1,  -2,
         -2,  -3,  -3,  -3,  -4,  -5,  -6,  -6,  -4,  -2,  -2,  -1,  -2,
         -2,  -3,  -2,  -3,  -2,  -2,  -1,   1,   3,   5,   4],
       [  0,  -1,  -1,  -1,  -1,  -2,  -1,  -2,  -3,  -1,  -1,  -1,   0,
         -1,  -2,  -2,  -3,  -4,  -5,  -6,  -7,  -5,  -3,  -3,  -2,   0,
         -1,  -2,  -3,  -3,  -2,  -3,  -2,   0,   2,   4,   4],
       [  0,  -1,   0,   0,  -1,  -2,  -2,  -2,  -3,  -2,  -2,  -2,  -1,
         -1,  -2,  -3,  -3,  -4,  -5,  -6,  -7,  -6,  -4,  -4,  -2,  -1,
         -1,  -2,  -1,  -2,  -3,  -3,  -3,  -1,   1,   3,   3],
       [  0,  -1,  -1,  -1,  -1,  -2,  -3,  -1,  -1,  -2,  -1,  -1,  -2,
         -2,   0,  -1,  -2,  -3,  -4,  -5,  -5,  -6,  -5,  -3,  -3,  -2,
         -2,  -2,  -2,  -2,  -3,  -4,  -2,  -2,   0,   2,   2]]