[[ 1,  1,  1,  1,  1,  1,  1],
[ 2,  2,  2,  2,  2,  2,  2],
[ 3,  4,  6,  8, 10, 12, 14],
[ 4,  6,  8, 10, 12, 14, 16],
[ 5,  8, 10, 12, 14, 16, 18],
[ 6, 10, 12, 14, 16, 18, 20],
[ 7, 12, 14, 16, 18, 20, 22],
[ 8, 14, 16, 18, 20, 22, 24],
[ 9, 16, 18, 20, 22, 24, 26],
[10, 18, 20, 22, 24, 26, 28]]
[[  0.,   0.,   0.,   0.,   0.,   0.,   0.],
[  0.,   2.,   4.,   6.,   8.,  10.,  12.],
[  0.,   4.,   6.,   8.,  10.,  12.,  14.],
[  0.,   6.,   8.,  10.,  12.,  14.,  16.],
[  0.,   8.,  10.,  12.,  14.,  16.,  18.],
[  0.,  10.,  12.,  14.,  16.,  18.,  20.],
[  0.,  12.,  14.,  16.,  18.,  20.,  22.],
[  0.,  14.,  16.,  18.,  20.,  22.,  24.],
[  0.,  16.,  18.,  20.,  22.,  24.,  26.],
[  0.,  18.,  20.,  22.,  24.,  26.,  28.]]
[[ 1,  2,  3,  4,  5,  6,  7],
[ 1,  2,  4,  6,  8, 10, 12],
[ 1,  2,  6,  8, 10, 12, 14],
[ 1,  2,  8, 10, 12, 14, 16],
[ 1,  2, 10, 12, 14, 16, 18],
[ 1,  2, 12, 14, 16, 18, 20],
[ 1,  2, 14, 16, 18, 20, 22],
[ 1,  2, 16, 18, 20, 22, 24],
[ 1,  2, 18, 20, 22, 24, 26],
[ 1,  2, 20, 22, 24, 26, 28]])] 
